[gd_scene load_steps=8 format=2]

[ext_resource path="res://addons/road-generator/road_point.gd" type="Script" id=1]
[ext_resource path="res://addons/road-generator/road_network.gd" type="Script" id=2]
[ext_resource path="res://addons/road-generator/road_texture.material" type="Material" id=3]

[sub_resource type="Curve3D" id=4]
bake_interval = 0.75
_data = {
"points": PoolVector3Array( -0.81198, 0, -4.93363, 0.81198, 0, 4.93363, 0, 0, 0, -2.09393, 0, -4.54042, 2.09393, 0, 4.54042, 3.7, 0.3914, 10.489 ),
"tilts": PoolRealArray( 0, 0 )
}

[sub_resource type="Curve3D" id=5]
bake_interval = 0.75
_data = {
"points": PoolVector3Array( -2.09393, 0, -4.54042, 2.09393, 0, 4.54042, 0, 0, 0, -9.99997, 0, 0.0249624, 9.99997, 0, -0.0249624, 13.6295, 0.35725, 19.731 ),
"tilts": PoolRealArray( 0, 0 )
}

[sub_resource type="BoxShape" id=2]

[sub_resource type="CubeMesh" id=3]

[node name="Spatial" type="Spatial"]

[node name="RoadNetwork" type="Node" parent="."]
script = ExtResource( 2 )
material_resource = ExtResource( 3 )
density = 1.5
debug_prior = NodePath("debug_prior")
debug_next = NodePath("debug_next")

[node name="points" type="Node" parent="RoadNetwork"]

[node name="zero_point" type="Spatial" parent="RoadNetwork/points"]
transform = Transform( 0.986726, 0, 0.162396, 0, 1, 0, -0.162396, 0, 0.986726, 1.598, 1.12063, -24.234 )
script = ExtResource( 1 )
lanes = [ 1, 3, 4 ]
lane_width = 8.0
next_pt_init = NodePath("../first_point")

[node name="first_point" type="Spatial" parent="RoadNetwork/points"]
transform = Transform( 0.986726, 0, 0.162396, 0, 1, 0, -0.162396, 0, 0.986726, 1.598, 2.35604, -11.95 )
script = ExtResource( 1 )
lane_width = 8.0
prior_pt_init = NodePath("../zero_point")
next_pt_init = NodePath("../second_point")

[node name="second_point" type="Spatial" parent="RoadNetwork/points"]
transform = Transform( 0.908085, 0, 0.418786, 0, 1, 0, -0.418786, 0, 0.908085, 5.298, 2.74744, -1.461 )
script = ExtResource( 1 )
lane_width = 3.0
prior_pt_init = NodePath("../first_point")
next_pt_init = NodePath("../third_point")

[node name="third_point" type="Spatial" parent="RoadNetwork/points"]
transform = Transform( -0.00249624, 0, 0.999997, 0, 1, 0, -0.999997, 0, -0.00249624, 18.9275, 3.10469, 18.27 )
script = ExtResource( 1 )
lane_width = 3.0
prior_pt_init = NodePath("../second_point")
next_pt_init = NodePath("../fourth_rev")
prior_mag = 10.0

[node name="fourth_rev" type="Spatial" parent="RoadNetwork/points"]
transform = Transform( -0.423789, 0, -0.905761, 0, 1, 0, 0.905761, 0, -0.423789, 38.7013, 0, 29.5561 )
visible = false
script = ExtResource( 1 )
lane_width = 3.0
next_pt_init = NodePath("../third_point")

[node name="segments" type="Node" parent="RoadNetwork"]

[node name="debug_prior" type="Path" parent="RoadNetwork"]
transform = Transform( 1, 0, 0, 0, 1, 0, 0, 0, 1, 1.598, 2.35604, -11.95 )
curve = SubResource( 4 )

[node name="debug_next" type="Path" parent="RoadNetwork"]
transform = Transform( 1, 0, 0, 0, 1, 0, 0, 0, 1, 5.298, 2.74744, -1.461 )
curve = SubResource( 5 )

[node name="Camera" type="Camera" parent="."]
transform = Transform( -4.37114e-08, 1, 4.37114e-08, 0, -4.37114e-08, 1, 1, 4.37114e-08, 1.91069e-15, 11.7931, 31.3969, 9.17629 )

[node name="RigidBody" type="RigidBody" parent="."]
transform = Transform( 0.985076, -0.172118, 0, 0.163502, 0.935763, 0.312434, -0.0537757, -0.307772, 0.949939, 5.43023, 5.1977, -8.82278 )

[node name="CollisionShape" type="CollisionShape" parent="RigidBody"]
shape = SubResource( 2 )

[node name="MeshInstance" type="MeshInstance" parent="RigidBody"]
transform = Transform( 1, -1.30385e-08, -3.72529e-09, 5.58794e-09, 1, -2.98023e-08, -3.72529e-09, 0, 1, 0, 0, 0 )
mesh = SubResource( 3 )
material/0 = null
