[gd_scene load_steps=6 format=2]

[ext_resource path="res://addons/road-generator/nodes/road_point.gd" type="Script" id=1]
[ext_resource path="res://addons/road-generator/nodes/road_container.gd" type="Script" id=2]
[ext_resource path="res://addons/road-generator/resources/road_texture.material" type="Material" id=3]
[ext_resource path="res://addons/road-generator/nodes/road_manager.gd" type="Script" id=4]
[ext_resource path="res://demo/save_prefab.tscn" type="PackedScene" id=5]

[node name="Node3D" type="Node3D"]

[node name="RoadManager" type="Node3D" parent="."]
script = ExtResource( 4 )

[node name="Road_001" type="Node3D" parent="RoadManager"]
script = ExtResource( 2 )
material_resource = ExtResource( 3 )
use_lowpoly_preview = true
edge_containers = [ "", NodePath("../SavedRoad") ]
edge_rp_targets = [ "", NodePath("RP_001") ]
edge_rp_target_dirs = [ -1, 0 ]
edge_rp_locals = [ NodePath("RP_001"), NodePath("RP_003") ]
edge_rp_local_dirs = [ 0, 1 ]

[node name="RP_001" type="Node3D" parent="RoadManager/Road_001"]
transform = Transform3D( 0.850003, 0, -0.526778, 0, 1, 0, 0.526778, 0, 0.850003, -53.9003, -20.2464, 12.4752 )
script = ExtResource( 1 )
traffic_dir = [ 2, 2, 1, 1 ]
lanes = [ 2, 4, 4, 2 ]
prior_pt_init = NodePath("../RP_002")
prior_mag = 18.6697

[node name="RP_002" type="Node3D" parent="RoadManager/Road_001"]
transform = Transform3D( 0.452686, 0.032323, -0.891084, 0, 0.999343, 0.03625, 0.89167, -0.0164099, 0.452389, -21.2449, -19.2464, -10.4456 )
script = ExtResource( 1 )
traffic_dir = [ 2, 2, 1, 1 ]
lanes = [ 2, 4, 4, 2 ]
prior_pt_init = NodePath("../RP_003")
next_pt_init = NodePath("../RP_001")
prior_mag = 16.0
next_mag = 16.0

[node name="RP_003" type="Node3D" parent="RoadManager/Road_001"]
transform = Transform3D( 0.84086, 0, -0.541253, 0, 1, 0, 0.541253, 0, 0.84086, 5.5711, -17.4134, -22.886 )
script = ExtResource( 1 )
traffic_dir = [ 2, 2, 1 ]
lanes = [ 2, 4, 5 ]
shoulder_width_l = 0.5
shoulder_width_r = 0.5
gutter_profile = Vector2( 1, -0.5 )
next_pt_init = NodePath("../RP_002")

[node name="SavedRoad" parent="RoadManager" instance=ExtResource( 5 )]
transform = Transform3D( 1, 0, 0, 0, 1, 0, 0, 0, 1, 8.26407, -12.6174, -31.1678 )
edge_containers = [ NodePath("../Road_001"), "" ]
edge_rp_targets = [ NodePath("RP_003"), "" ]
edge_rp_target_dirs = [ 1, -1 ]
